coord = [37.00051666666667,-122.06215
37.0005,-122.06215
37.0005,-122.06215
37.00046666666667,-122.06215
37.00043333333333,-122.06213333333334
37.0004,-122.06211666666667
37.00038333333333,-122.0621
37.00038333333333,-122.0621
37.00033333333333,-122.0621
37.00031666666667,-122.0621
37.0003,-122.0621
37.000283333333336,-122.0621
37.00026666666667,-122.0621
37.00026666666667,-122.06208333333333
37.00025,-122.06208333333333
37.000233333333334,-122.06206666666667
37.000233333333334,-122.06205
37.000233333333334,-122.06201666666666
37.000233333333334,-122.062
37.00021666666667,-122.06198333333333
37.0002,-122.06195
37.00021666666667,-122.06193333333333
37.00021666666667,-122.06191666666666
37.00021666666667,-122.0619
37.00021666666667,-122.06186666666666
37.00021666666667,-122.06183333333334
37.000233333333334,-122.0618
37.00025,-122.06176666666667
37.00025,-122.06173333333334
37.00026666666667,-122.0617
37.00025,-122.06168333333333
37.00026666666667,-122.06166666666667
37.000283333333336,-122.06165
37.000283333333336,-122.06161666666667
37.000283333333336,-122.06158333333333
37.0003,-122.06155
37.0003,-122.0615
37.0003,-122.06143333333333
37.0003,-122.06136666666667
37.0003,-122.06131666666667
37.0003,-122.06125
37.00031666666667,-122.0612
37.00031666666667,-122.06115
37.00031666666667,-122.06108333333333
37.0003,-122.06101666666666
37.0003,-122.06093333333334
37.0003,-122.06085
37.0003,-122.06076666666667
37.0003,-122.06071666666666
37.000283333333336,-122.06066666666666
37.000283333333336,-122.0606
37.00025,-122.06051666666667
37.00021666666667,-122.06043333333334
37.00018333333333,-122.06035
37.00015,-122.06026666666666
37.00011666666666,-122.06018333333333
37.000083333333336,-122.06008333333334
37.00006666666667,-122.06
37.000033333333334,-122.05991666666667
37.00001666666667,-122.05983333333333
36.99998333333333,-122.05975
36.999966666666666,-122.05965
36.999966666666666,-122.05955
36.99995,-122.05946666666667
36.99993333333333,-122.05938333333333
36.999916666666664,-122.0593
36.999916666666664,-122.05921666666667
36.9999,-122.05913333333334
36.9999,-122.05905
36.9999,-122.05896666666666
36.9999,-122.05888333333333
36.999916666666664,-122.0588
36.999916666666664,-122.05871666666667
36.99993333333333,-122.05861666666667
36.99995,-122.05853333333333
36.99995,-122.05846666666666
36.999966666666666,-122.05838333333334
36.999966666666666,-122.05831666666667
36.99998333333333,-122.05823333333333
37.0,-122.05816666666666
37.00001666666667,-122.0581
37.000033333333334,-122.05801666666666
37.000033333333334,-122.05795
37.00005,-122.05786666666667
37.00006666666667,-122.0578
37.000083333333336,-122.05771666666666
37.0001,-122.05763333333333
37.00011666666666,-122.05755
37.00013333333333,-122.05746666666667
37.00013333333333,-122.05738333333333
37.00011666666666,-122.0573
37.00011666666666,-122.0572
37.00011666666666,-122.05711666666667
37.0001,-122.05701666666667
37.000083333333336,-122.05691666666667
37.00005,-122.05683333333333
37.00001666666667,-122.05675
36.99998333333333,-122.05666666666667
36.99993333333333,-122.05656666666667
36.99988333333334,-122.05646666666667
36.999833333333335,-122.05638333333333
36.999766666666666,-122.0563
36.999716666666664,-122.05625
36.99965,-122.05618333333334
36.999583333333334,-122.05611666666667
36.999516666666665,-122.05605
36.99945,-122.056
36.999383333333334,-122.05593333333333
36.999316666666665,-122.05586666666666
36.99928333333333,-122.05583333333334
36.999233333333336,-122.05575
36.999183333333335,-122.05566666666667
36.9991,-122.05561666666667
36.9991,-122.05551666666666
36.99905,-122.05545
36.99901666666667,-122.05538333333334
36.998983333333335,-122.05531666666667
36.99896666666667,-122.05525
36.998916666666666,-122.05523333333333
36.99883333333333,-122.05523333333333
36.99876666666667,-122.05525
36.9987,-122.05526666666667
36.998666666666665,-122.05528333333334
36.9986,-122.0553
36.998533333333334,-122.05531666666667
36.998466666666666,-122.05536666666667
36.9984,-122.05541666666667
36.99831666666667,-122.05543333333334
36.99823333333333,-122.05543333333334
36.998133333333335,-122.05541666666667
36.99803333333333,-122.05538333333334
36.997933333333336,-122.05536666666667
36.99785,-122.0553
36.997766666666664,-122.05526666666667
36.9977,-122.05525
36.99763333333333,-122.05523333333333
36.997566666666664,-122.05521666666667
36.99751666666667,-122.05525
36.99746666666667,-122.05526666666667
36.99745,-122.05528333333334
36.99743333333333,-122.05531666666667
36.99743333333333,-122.05531666666667
36.997416666666666,-122.05533333333334
36.9974,-122.05533333333334
36.99738333333333,-122.05533333333334
36.99738333333333,-122.05533333333334
36.99738333333333,-122.05533333333334
36.99738333333333,-122.05535
36.997366666666665,-122.05535
36.997366666666665,-122.05535
36.997366666666665,-122.05535
36.997366666666665,-122.05535
36.997366666666665,-122.05535
36.997366666666665,-122.05535
36.997366666666665,-122.05535
36.99735,-122.05535
36.99735,-122.05535
36.99735,-122.05536666666667
36.99735,-122.05536666666667
36.99733333333333,-122.05536666666667
36.99733333333333,-122.05535
36.99733333333333,-122.05536666666667
36.99733333333333,-122.05536666666667
36.99733333333333,-122.05536666666667
36.99733333333333,-122.05536666666667
36.99733333333333,-122.05536666666667
36.99733333333333,-122.05536666666667
36.99733333333333,-122.05536666666667
36.99735,-122.05536666666667
36.99735,-122.05536666666667
36.99735,-122.05536666666667
36.99735,-122.05536666666667
36.99735,-122.05536666666667
36.99735,-122.05536666666667
36.99735,-122.05536666666667
36.99735,-122.05536666666667
36.99735,-122.05536666666667
36.99735,-122.05536666666667
36.99735,-122.05536666666667
36.99735,-122.05536666666667
36.99735,-122.05536666666667
36.99735,-122.05536666666667
36.99735,-122.05536666666667
36.99733333333333,-122.05536666666667
36.99733333333333,-122.05536666666667
36.99731666666667,-122.05538333333334
36.9973,-122.05538333333334
36.99726666666667,-122.05538333333334
36.997233333333334,-122.0554
36.9972,-122.0554
36.997166666666665,-122.05541666666667
36.99713333333333,-122.05541666666667
36.997083333333336,-122.05543333333334
36.99705,-122.05543333333334
36.99701666666667,-122.05545
36.99698333333333,-122.05543333333334
36.99693333333333,-122.05541666666667
36.99688333333334,-122.0554
36.99685,-122.05538333333334
36.9968,-122.05536666666667
36.99675,-122.05535
36.9967,-122.05535
36.99665,-122.05533333333334
36.9966,-122.05531666666667
36.99655,-122.0553
36.996516666666665,-122.0553
36.99646666666667,-122.0553
36.99641666666667,-122.0553
36.996383333333334,-122.05528333333334
36.99633333333333,-122.05528333333334
36.99628333333333,-122.0553
36.996233333333336,-122.0553
36.99616666666667,-122.05531666666667
36.996116666666666,-122.05533333333334
36.996066666666664,-122.05533333333334
36.99601666666667,-122.05535
36.99596666666667,-122.0554
36.9959,-122.05543333333334
36.99583333333333,-122.05545
36.99576666666667,-122.05546666666666
36.99568333333333,-122.05548333333333
36.99561666666666,-122.05548333333333
36.99555,-122.0555
36.995466666666665,-122.05551666666666
36.995383333333336,-122.05553333333333
36.9953,-122.05556666666666
36.99523333333333,-122.05558333333333
36.99515,-122.0556
36.99508333333333,-122.05561666666667
36.995016666666665,-122.05565
36.99495,-122.05566666666667
36.99486666666667,-122.05568333333333
36.9948,-122.05568333333333
36.99471666666667,-122.0557
36.99465,-122.0557
36.99458333333333,-122.0557
36.9945,-122.0557
36.99443333333333,-122.05568333333333
36.99435,-122.05568333333333
36.994283333333335,-122.05566666666667
36.99421666666667,-122.05563333333333
36.994166666666665,-122.05561666666667
36.9941,-122.0556
36.994033333333334,-122.05556666666666
36.993966666666665,-122.05553333333333
36.9939,-122.0555
36.99385,-122.05546666666666
36.99378333333333,-122.05543333333334
36.993716666666664,-122.05538333333334
36.99365,-122.05535
36.9936,-122.05531666666667
36.99353333333333,-122.05528333333334
